%YAML:1.0

#--------------------------------------------------------------------------------------------
# Camera Parameters. Adjust them!
# These are taken from the Camera Information in Python API of ZED
#--------------------------------------------------------------------------------------------
Camera.type: "PinHole"

# Camera calibration and distortion parameters (OpenCV) 
Camera.fx: 698.6400146484375
Camera.fy: 698.6400146484375
Camera.cx: 649.5250244140625
Camera.cy: 367.86151123046875

Camera.k1: 0.0
Camera.k2: 0.0
Camera.k3: 0.0
Camera.p1: 0.0
Camera.p2: 0.0


Camera.bFishEye: 0

Camera.width: 1280
Camera.height: 720

# Camera frames per second 
Camera.fps: 15.0

# stereo baseline times fx
Camera.bf: 44.0194 # 0.06300730 * 698.64

# Color order of the images (0: BGR, 1: RGB. It is ignored if images are grayscale)
Camera.RGB: 1

# Close/Far threshold. Baseline times.
ThDepth: 45.0

# Transformation from camera to body-frame (imu)
# This is taken from Python API
# Tbc: !!opencv-matrix
#    rows: 4
#    cols: 4
#    dt: f
#    data: [0.999689, 0.024500, -0.004631, 15.000001,
#           -0.024553, 0.999629, -0.011779, 2.000000,
#           0.004341, 0.011889, 0.999920, -2.000000,
#           0.0, 0.0, 0.0, 1.0]

# Transformation from camera to body-frame (imu)
# Taken from ROS after the camera is opened
Tbc: !!opencv-matrix
   rows: 4
   cols: 4
   dt: f
   data: [0.999920, -0.004341, -0.011889, -0.002000,
          0.004631, 0.999689, 0.024500, -0.015000,
          0.011779, -0.024553, 0.999629, -0.002000,
          0.0, 0.0, 0.0, 1.0]

# ### RAW: THIS IS THE USED ONE FOR NOW : LEFT
# D: [-0.1734669953584671, 0.028082700446248055, 0.0, 7.474979793187231e-05, -0.0003658669884316623]
# K: [698.6400146484375, 0.0, 649.5250244140625, 0.0, 698.6400146484375, 367.86151123046875, 0.0, 0.0, 1.0]
# R: [1.0, 0.0, 0.0, 0.0, 1.0, 0.0, 0.0, 0.0, 1.0]
# P: [698.6400146484375, 0.0, 649.5250244140625, 0.0, 0.0, 698.6400146484375, 367.86151123046875, 0.0, 0.0, 0.0, 1.0, 0.0]


# ### NOT RAW Undistorted
# D: [0.0, 0.0, 0.0, 0.0, 0.0]
# K: [677.4461669921875, 0.0, 637.6947631835938, 0.0, 677.4461669921875, 363.07525634765625, 0.0, 0.0, 1.0]
# R: [1.0, 0.0, 0.0, 0.0, 1.0, 0.0, 0.0, 0.0, 1.0]
# P: [677.4461669921875, 0.0, 637.6947631835938, 0.0, 0.0, 677.4461669921875, 363.07525634765625, 0.0, 0.0, 0.0, 1.0, 0.0]




#--------------------------------------------------------------------------------------------
# Stereo Rectification. Only if you need to pre-rectify the images.
# Camera.fx, .fy, etc must be the same as in LEFT.P
#--------------------------------------------------------------------------------------------
LEFT.height: 720
LEFT.width: 1280
LEFT.D: !!opencv-matrix
   rows: 1
   cols: 5
   dt: d
   data: [-0.1734669953584671, 0.028082700446248055, 0.0, 7.474979793187231e-05, -0.0003658669884316623]
LEFT.K: !!opencv-matrix
   rows: 3
   cols: 3
   dt: d
   data: [698.6400146484375, 0.0, 649.5250244140625, 0.0, 698.6400146484375, 367.86151123046875, 0.0, 0.0, 1.0]
LEFT.R:  !!opencv-matrix
   rows: 3
   cols: 3
   dt: d
   data: [1.0, 0.0, 0.0, 0.0, 1.0, 0.0, 0.0, 0.0, 1.0]
LEFT.Rf:  !!opencv-matrix
   rows: 3
   cols: 3
   dt: f
   data: [1.0, 0.0, 0.0, 0.0, 1.0, 0.0, 0.0, 0.0, 1.0]
LEFT.P:  !!opencv-matrix
   rows: 3
   cols: 4
   dt: d
   data: [698.6400146484375, 0.0, 649.5250244140625, 0.0, 0.0, 698.6400146484375, 367.86151123046875, 0.0, 0.0, 0.0, 1.0, 0.0]

# RIGHT RAW:
# D: [-0.17334400117397308, 0.02795569971203804, 0.0, -0.00013991100422572345, -0.0001851980050560087]
# K: [699.0250244140625, 0.0, 634.0549926757812, 0.0, 699.0250244140625, 357.4159851074219, 0.0, 0.0, 1.0]
# R: [1.0, 0.0, 0.0, 0.0, 1.0, 0.0, 0.0, 0.0, 1.0]
# P: [699.0250244140625, 0.0, 634.0549926757812, -44.01942443847656, 0.0, 699.0250244140625, 357.4159851074219, 0.0, 0.0, 0.0, 1.0, 0.0]


RIGHT.height: 720
RIGHT.width: 1280
RIGHT.D: !!opencv-matrix
   rows: 1
   cols: 5
   dt: d
   data: [-0.17334400117397308, 0.02795569971203804, 0.0, -0.00013991100422572345, -0.0001851980050560087]
RIGHT.K: !!opencv-matrix
   rows: 3
   cols: 3
   dt: d
   data: [699.0250244140625, 0.0, 634.0549926757812, 0.0, 699.0250244140625, 357.4159851074219, 0.0, 0.0, 1.0]
RIGHT.R:  !!opencv-matrix
   rows: 3
   cols: 3
   dt: d
   data: [1.0, 0.0, 0.0, 0.0, 1.0, 0.0, 0.0, 0.0, 1.0]
RIGHT.P:  !!opencv-matrix
   rows: 3
   cols: 4
   dt: d
   data: [699.0250244140625, 0.0, 634.0549926757812, -44.01942443847656, 0.0, 699.0250244140625, 357.4159851074219, 0.0, 0.0, 0.0, 1.0, 0.0]


# IMU noise
IMU.NoiseGyro: 0.0070000002 #0.007000000216066837
IMU.NoiseAcc: 0.0018 #0.0017999999690800905 
IMU.GyroWalk: 0.0019825 #0.0019825000781565905
IMU.AccWalk: 0.00064350001 #0.0006435000104829669
IMU.Frequency: 400

#--------------------------------------------------------------------------------------------
# ORB Parameters
#--------------------------------------------------------------------------------------------

# ORB Extractor: Number of features per image
ORBextractor.nFeatures: 1200

# ORB Extractor: Scale factor between levels in the scale pyramid 	
ORBextractor.scaleFactor: 1.2

# ORB Extractor: Number of levels in the scale pyramid	
ORBextractor.nLevels: 8

# ORB Extractor: Fast threshold
# Image is divided in a grid. At each cell FAST are extracted imposing a minimum response.
# Firstly we impose iniThFAST. If no corners are detected we impose a lower value minThFAST
# You can lower these values if your images have low contrast			
ORBextractor.iniThFAST: 20
ORBextractor.minThFAST: 7

#--------------------------------------------------------------------------------------------
# Viewer Parameters
#--------------------------------------------------------------------------------------------
Viewer.KeyFrameSize: 0.05
Viewer.KeyFrameLineWidth: 1
Viewer.GraphLineWidth: 0.9
Viewer.PointSize: 2
Viewer.CameraSize: 0.08
Viewer.CameraLineWidth: 3
Viewer.ViewpointX: 0
Viewer.ViewpointY: -0.7
Viewer.ViewpointZ: -1.8
Viewer.ViewpointF: 500

